# Created by Octave 4.0.0, Mon Nov 27 20:18:46 2017 EST <user@ubuntu>
# name: newrefnp300
# type: matrix
# rows: 540
# columns: 2
 -1.118612443548021 0.4265174597014088
 -0.87463100190494 0.5944988225771899
 -1.130312429752947 0.4696569471199468
 -1.084889152221911 -0.7916221342305604
 -1.073983112076287 -0.8263496241361702
 -1.288827521930337 0.312186274708712
 -1.302687750027407 0.2224166272530996
 -1.073106187179903 -0.8294332828391943
 -1.274821935798844 -0.09941223347727711
 -1.214029242137618 -0.3622246404810707
 -1.124787788396038 0.3764986518018379
 -1.173977036520635 -0.5011153018508688
 -1.127789891227406 -0.6525149313283007
 -1.29003082909555 0.04275532422226014
 -1.144906542829086 0.4611279593971354
 -1.167295382490261 -0.5226084885565107
 -1.286044369390941 0.2896097937763668
 -1.282017401898649 0.1737982929326148
 -1.280521904265873 -0.1239306176230327
 -1.305660183804662 0.2621395749118773
 -1.242728928267002 -0.2566878875394001
 -1.324569804723255 0.09336509390454346
 -1.308487540990222 0.259231778505547
 -1.309825306501272 0.1169843616852465
 -1.206427004894234 -0.3855802827979496
 -1.278033006178434 -0.1263589111042992
 -1.237010599235017 0.3011345940114318
 -1.277234785363758 -0.1232406578863857
 -1.299903927620719 0.2609802921754101
 -1.249691432538733 -0.2235225460656073
 -1.285977905250341 0.1947276766011009
 -1.223320250568907 -0.3310820116795054
 -0.9415100449895074 0.5506562028194193
 -1.244031372076857 -0.2678822947477932
 -1.298391892894501 0.1169495223403568
 -1.222191742068102 -0.3416021572501149
 -1.30875586415763 0.001996752591296105
 -1.101711179074751 0.459389531774876
 -1.316813743181694 0.05732697608832407
 -1.297303825008562 0.01164725980884049
 -1.293421898820242 0.1904867402682847
 -1.230944131915874 -0.2917566917750334
 -1.088350663152516 0.5145198230614376
 -1.269739554169576 -0.1514759900787548
 -0.810679464270448 0.6299244170711217
 -1.090885894046902 -0.7724857986882497
 -1.18038605585492 0.3172729504942713
 -1.206429029774974 0.408082964994857
 -1.17168755621547 -0.5040464245464165
 -1.326517589804766 0.08846843462794096
 -1.317477970809931 0.08113722511311693
 -1.086875512561058 -0.7846551072072968
 -1.307861990303402 0.1673825913213728
 -1.279340082716022 -0.09752865566806856
 -1.2829411092967 0.1551444168503491
 -1.269646906634764 0.1849095337094337
 -1.271393739587938 -0.1668734134201355
 -1.255167125770163 -0.2238109410990841
 -1.258757948056618 0.3372188353704825
 -1.288315693800384 0.2613773577463424
 -1.320685575700629 0.1012786433791933
 -1.168794132911244 -0.5218811837653216
 -1.293219949832745 0.2128661473994539
 -1.217954112368259 0.2968477859079139
 -1.09967593159759 -0.7432883028945763
 -1.269184820693559 -0.1591977405884062
 -1.292046227686408 -0.07304931652780573
 -1.301508865902768 0.02889685344251118
 -1.206953984001242 0.3368881998649193
 -1.242145667583798 0.3246805568301685
 -1.152663543586622 0.4164070607053035
 -1.251439554967887 -0.2356410990366571
 -1.179264221716973 0.4027243520490817
 -1.222509854683917 -0.3356997376303122
 -1.243952320570457 -0.2350053975424496
 -0.9029445326766382 0.5513264029440889
 -1.284878063306589 -0.01250100716735172
 -1.256813305546876 -0.1999811259200457
 -1.328934320155641 0.06641370300787858
 -1.247292747130865 -0.2515651702829756
 -1.323514961008575 0.2314649428024607
 -1.330512440459877 0.08718615689104643
 -1.200960061691252 -0.4102375085819929
 -1.034840657673064 0.4570152773925887
 -1.168061058808492 -0.5210737685545825
 -1.190790664464151 0.40113793222651
 -1.078058726039806 0.4571991858577608
 -1.164638086227099 -0.5292546807837698
 -1.285589092138808 -0.03376541484036863
 -1.113817844504134 -0.6983168679808208
 -1.306263235539531 -0.01201590751425335
 -1.268278435788508 0.2152205172780606
 -1.292618279334274 -0.02479722575136262
 -1.010886802856059 0.4758784292656638
 -1.274090719179906 -0.05787582596890039
 -1.152171713372959 -0.5754512825466475
 -1.307738559035412 0.03892842458872239
 -1.238674563759457 -0.2817427186532274
 -1.268428715756697 -0.168569790025032
 -1.262791678926374 -0.196324893659342
 -1.25197681411789 -0.2098778322133016
 -0.8462708791935062 0.6971065756797438
 -1.085990632554859 0.3705456843830102
 -1.096268432342296 0.4430773275697718
 -0.7493810831270664 0.633286661398014
 -0.3368390580340114 0.833288644527393
 -1.394236037721935 0.283170912609601
 -1.024824318455407 -0.9836443753827895
 -1.013614310344947 -1.01934970161682
 -1.008325425391846 -1.036118801485608
 -1.277162156262407 0.4003610348634214
 -1.041407670620168 0.489811838568161
 -1.288095821634511 -0.09559932730112364
 -1.108357787604993 -0.7157196991053002
 -1.29769527664052 0.02739756908167098
 -1.270514097349964 -0.1515719700957436
 -1.265950975450963 -0.1753882145989911
 -1.261407299039369 -0.1871708023762626
 -1.266005129205785 -0.1643710863665884
 -1.280418133503771 -0.09258864782630058
 -1.302374215652079 0.1947832745028716
 -1.316359031633055 0.1191024543220952
 -1.28887789230319 0.2880133245074086
 -1.245268508537952 -0.2192710672537689
 -1.245976953595075 -0.2260785948349649
 -1.259730710974471 0.2712570281965646
 -1.267382275591384 0.322832546871013
 -1.287415914745853 -0.1198944088825207
 -1.291685803658876 0.279606129794069
 -1.288228525363912 0.190083935555104
 -1.110440868619818 0.3961379889008405
 -1.070535007601403 -0.8378505814181308
 -0.8170140582288663 0.6714048260124507
 -1.24979810696406 -0.2373286424397041
 -0.8516794327332995 0.6267827395039193
 -1.293330061586009 0.1881250276988824
 -1.045628677724142 -0.9174088074447273
 -1.110506980629965 -0.7092430664141213
 -1.284039320566834 0.3681131407125771
 -1.167962534021352 -0.5196413657150789
 -1.286642843310436 -0.02379276722866408
 -0.7739363528480349 0.6120958553771674
 -1.280345582180836 -0.08731474672326163
 -1.164652913022707 -0.529884898875806
 -1.301425089310402 0.0834901403084902
 -1.289931076974116 0.3578755926909144
 -1.033285381290066 -0.956573866947469
 -1.176252722420166 -0.494290562966085
 -0.8132306224079375 0.6328199183323007
 -1.302150625420077 -0.001169545460872082
 -1.312230872967552 0.009000067970586362
 -1.155310029468902 -0.5612416305436206
 -1.266511005536799 -0.1410866049954921
 -1.296003045898346 0.1055228649471698
 -1.292028253028715 0.164468132382702
 -1.101913561296359 0.5265064544326382
 -1.177813729106741 -0.4897661481573297
 -1.277021120814091 -0.1081689361955036
 -1.159930351218249 0.3937997319990947
 -1.291693877658993 -0.02959506118070777
 -1.074464558871322 -0.8251965922835083
 -1.27356239328823 -0.09303040572790952
 -1.290343578805813 0.06855121942841408
 -1.273527040704713 -0.1083686716813065
 -1.20633654040331 -0.3761312991421989
 -1.183600869025109 0.4354533547654387
 -1.293563266061497 -0.05599439591713146
 -1.139914501307192 -0.6147635917647833
 -1.097153967001495 0.4727497494865247
 -0.8858980810528881 0.6165412385657317
 -1.308061334632492 0.06545543566799347
 -1.236004355338486 -0.2959930655559579
 -1.121005225553719 -0.6724192593789701
 -0.9106606955257124 0.5581171421200238
 -1.222924205667248 0.3599961625706195
 -0.7209603162909621 0.7158471747263995
 -1.228445214041852 -0.3131967305519766
 -1.303990059207983 0.1229614345260299
 -1.174269298903668 -0.4944547032321093
 -1.315414528200379 0.1061152153100351
 -1.292676757313735 0.2090392078491174
 -1.282588123023076 0.4043461948619004
 -1.133461328582712 -0.6317841043746254
 -1.267304548071764 0.1845492567373247
 -1.14242915818125 -0.6045209241328585
 -1.157817689235655 0.4628587958055076
 -1.147937079369779 -0.5856316461516475
 -1.322076144897974 0.05706506232485335
 -1.374397110762794 0.3482841975595532
 -1.255544156384295 0.217672975594242
 -1.265395009274995 0.2165794768084042
 -1.333003011788542 0.2397851271882572
 -1.21758399929213 -0.3492489401672813
 -1.286424874297456 -0.05166670127989016
 -1.210630353009312 0.3544369962239335
 -1.256564260918962 -0.2187726947776482
 -1.293288352133478 -0.0263245356037107
 -1.224486898940209 -0.3237687557434288
 -1.167822737049492 -0.5203572732499913
