# Created by Octave 4.0.0, Mon Nov 27 20:18:46 2017 EST <user@ubuntu>
# name: newrefp300
# type: matrix
# rows: 135
# columns: 2
 -1.273851174996792 -0.1467388257366125
 -1.08572984670383 -0.7893087082180316
 -1.057159597827655 -0.8804517524229
 -1.178199915306033 -0.486766502826991
 -1.101507854101845 -0.7376571608110453
 -1.124567426112651 -0.6628911646416442
 -1.029667046134115 -0.9680964491014353
 -1.045381539760011 -0.9179785543618615
 -1.025881245996698 -0.9804161196983572
 -1.040518595019357 -0.933773817315757
 -1.163175381486349 -0.5359233154663864
 -1.05198067177416 -0.89702162596561
 -1.122060706700357 -0.670781968316456
 -1.09771349296636 -0.7499687306649128
 -1.02115906491849 -0.9953193809323085
 -1.212644928356373 -0.3673584952906779
 -1.069015819674011 -0.8423744824686773
 -1.121499206615268 -0.6729924882531547
 -1.094916817107593 -0.7590255572255067
 -1.221105199827794 -0.3357420646755651
 -1.197987805351392 -0.4247213659151026
 -1.251052467750376 -0.2111969093412627
 -1.122590713218126 -0.667747579901666
 -1.256759173560869 -0.2028946503280696
 -1.037493110162531 -0.9433942771581515
 -1.0377441033263 -0.9425920931301759
 -1.172259360177877 -0.4993261208746591
 -1.093056089980821 -0.7661402907724145
 -1.345683672037362 0.106185924756041
 -1.036127856294252 -0.9478167983907646
 -1.187474573180262 -0.4556276367510014
 -1.032195559627522 -0.9601830583863302
 -1.085938709644052 -0.7890025156351517
 -1.207937305082286 -0.3906061045496554
 -1.049918304139562 -0.9036535089674822
 -1.035847450192676 -0.9487780546130042
 -1.203860016717355 -0.3903840238312862
 -1.010347390171292 -1.029654221204343
 -1.058008682798875 -0.8778150003869052
 -1.147141011523752 -0.5887542404078869
 -1.134124445864067 -0.6323608057888788
 -1.060333967674047 -0.8703722944577511
 -1.153751097551192 -0.5665323787327446
 -1.084528470065915 -0.7928517283243257
 -1.088354409352382 -0.7800094062218581
 -1.217286049645889 -0.3484337156267253
 -1.064784178749626 -0.8563690084282001
 -1.033241463751965 -0.9568644121229255
 -1.053765636215156 -0.891203215313682
 -1.175735941576277 -0.4934141829318215
 -1.020593170971742 -0.9971012558834088
 -1.081869447057964 -0.8011387000027846
 -1.099372648621457 -0.7447435482177628
 -1.049962043264121 -0.9038175932740781
 -1.005338121947412 -1.045544008935938
 -1.281915167803789 -0.09646212807524754
 -1.047973487435283 -0.9099851651096255
 -1.217887997368802 -0.3538082946754497
 -1.167590707473758 -0.5225435072093715
 -1.24020314164871 -0.2782338961467489
 -1.29657349292719 0.1378237337717265
 -1.097195858785342 -0.751826354600633
 -1.018760540894041 -1.002883033992773
 -1.048446891617504 -0.9083295873988487
 -1.138153148804845 -0.6164122385380534
 -1.017060372007261 -1.008318366821271
 -1.244396384162668 -0.2301743058495582
 -1.062816442797782 -0.8626048443770397
 -1.029854148303532 -0.9676676809202416
 -1.182628939352442 -0.4748000320686062
 -1.05076057210688 -0.9011472097690173
 -1.088121252908837 -0.7818006492418484
 -1.277218655887177 -0.07783876819806428
 -1.113532008290156 -0.7006580186149811
 -1.066234228444612 -0.8513213089940544
 -1.149178513492723 -0.582595789909367
 -1.204491551912347 -0.3948427785312885
 -1.187705026438343 -0.4518935726956225
 -1.199236713705623 -0.415776471380743
 -1.186298358572334 -0.4540094236100061
 -1.158279735910843 -0.552031703371105
 -1.126603332762299 -0.65537610497293
 -1.179577260480624 -0.4784296989373167
 -1.243646870359767 0.2573408264123035
 -1.137579495821954 -0.6206645624675021
 -1.055404181676274 -0.8859415959033702
 -1.174297780974446 -0.4999265447280923
 -0.9159013157844472 0.594306342334784
 -1.273351927892158 -0.1419069434004661
 -1.280149804165304 -0.06149818848583304
 -1.041963864928474 -0.9291432683800129
 -1.161734394139257 -0.5426800143569619
 -1.144142311691531 -0.5990132883487369
 -1.02082348428166 -0.9963422099298739
 -1.035956603271815 -0.9481462557825679
 -1.148949504954797 -0.579527521668122
 -1.122833764070386 -0.668333190219773
 -1.106604678667187 -0.721225753202248
 -1.012745018275697 -1.021985154475916
 -1.176618040924369 0.4219728755682316
 -1.082882784318308 -0.7981673500385899
 -1.194062500646749 -0.4289280925319525
 -1.122721156920523 -0.6678667143000375
 -1.080226496276559 -0.8068243892539692
 -1.200301130132261 -0.4158338085579749
 -1.135389519332586 -0.6269103130729272
 -1.307969196971113 -0.006701580891247861
 -1.155191739478037 -0.5589944045396991
 -1.016401666169105 -1.010396211776318
 -1.054795555909151 -0.8883266147219669
 -1.206448056927595 -0.3831401628664742
 -1.045916421108285 -0.9162805226638274
 -1.142803726375132 -0.6005730687796592
 -1.227037981542379 -0.3199845857458988
 -1.008329074199224 -1.036048495517942
 -1.087421320610954 -0.7837532292235856
 -1.082448779398322 -0.7992086889060948
 -1.028180712084783 -0.9729683076921355
 -1.021882670263211 -0.9928737224456367
 -1.295643164938164 -0.05887543670679099
 -1.034857487433293 -0.9517058814417096
 -1.034193430326474 -0.9540417870805641
 -1.054309612365334 -0.888921123627775
 -1.305775192052404 0.01865070363404935
 -0.9997123695235064 -1.063367668418727
 -0.999395190256373 -1.064369178434787
 -1.110941638746196 -0.7067732443406216
 -1.263450365316582 -0.1893431197778139
 -1.144948841326963 -0.5942508937230498
 -1.08031033830623 -0.8054634566104735
 -1.056186958831167 -0.8834822195163521
 -1.190678746475667 -0.4471192046429601
 -1.320044999365838 0.1936933970193483
 -1.134915649759898 -0.6300675797105439
 -1.075232273702297 -0.8228496591577736


