# Created by Octave 4.0.0, Mon Nov 27 20:18:46 2017 EST <user@ubuntu>
# name: testp300
# type: matrix
# rows: 30
# columns: 2
 -1.073163883085188 -0.8296111491684539
 -1.027022082291399 -0.9765430869988843
 -1.289742165175397 -0.0373497349562691
 -1.032987107352164 -0.9578631821017498
 -1.104290930753906 -0.7286355579755501
 -1.05141472894304 -0.8989491804315487
 -1.109074421915496 -0.7136468427968315
 -1.171242223213777 -0.5107911215455291
 -1.076094486801434 -0.8197250967369554
 -1.164400039612174 -0.532753159816608
 -1.228352492568579 -0.3114064552722132
 -1.204546308744996 -0.3941779316686624
 -1.057074387058459 -0.8809658742780497
 -1.135627134547504 -0.6268947491866335
 -1.290626360358451 0.2320548536371801
 -1.203442942242279 -0.3922717782727545
 -1.284259979529645 0.2406082210608717
 -1.087452420272049 -0.7834707901032384
 -1.099339297650533 -0.7460361024381067
 -1.074900221565759 -0.8239725057136987
 -1.151482903438146 -0.5758885764369491
 -1.182708489580082 -0.4654138106003534
 -1.08448780041345 -0.7926222132795127
 -1.081781033180011 -0.8016473823151468
 -1.04430039183019 -0.9215724785066925
 -1.057037183732266 -0.8810930681044573
 -1.153011589549094 -0.5692740619928779
 -1.229110694221707 -0.2974711727252126
 -1.127954595751397 -0.6528483128927701
 -1.016023927065692 -1.011672698287782


