# Created by Octave 4.0.0, Mon Nov 27 20:18:46 2017 EST <user@ubuntu>
# name: testnp300
# type: matrix
# rows: 30
# columns: 2
 -1.289744717516391 0.2566077357149985
 -1.311924477824909 0.1766221459514144
 -0.9684576284561669 0.5379819062909721
 -0.7148077813548509 0.6549741992091214
 -1.331955206094042 0.153860082581724
 -1.286789993610766 -0.09394045024441305
 -1.312011123807238 0.1933739968850074
 -1.148793600680812 -0.5794747743305787
 -1.214464870484707 0.3658265672195904
 -1.071697895091796 -0.8340902286859292
 -1.274521604190243 -0.1574318038179877
 -1.23739866913425 -0.2842662184088239
 -1.264114655947102 0.2960656755305319
 -1.264659480677322 -0.157617381874545
 -1.268084962516125 -0.1443129053487401
 -1.23079387955662 -0.3139893412401016
 -1.264941335550396 -0.1669198880735679
 -1.291017975043256 0.1996701521821869
 -1.297854150228734 -0.01892653693458576
 -1.208587596409124 0.3652673209164712
 -1.280798793294346 -0.05211219665122022
 -1.187792344969506 -0.4537451008485102
 -1.24155298842868 -0.258104408955994
 -1.113224287342627 -0.6991992374302896
 -0.9570435375089971 0.5330431318929245
 -1.166304085675694 0.3767087894024673
 -1.31674146268808 0.01493793945709591
 -1.306043082932509 0.1234212477149558
 -1.199962960535963 -0.4193731554278883
 -1.280186020474627 -0.1403455813068703


